Urms[Int64(nit)] = 807.8176986180666
Nu_top[Int64(nit)] = 20.305230741411332
