Urms[Int64(nit)] = 44.49043155328353
Nu_top[Int64(nit)] = 5.01842555995206
