Urms[Int64(nit)] = 44.626950896179395
Nu_top[Int64(nit)] = 5.057124494205228
