Urms[Int64(nit)] = 52.48042325503197
Nu_top[Int64(nit)] = 3.877779121462448
