Urms[Int64(nit)] = 961.0657485967341
Nu_top[Int64(nit)] = 19.860060572317863
